D:\Anaconda\envs\egg\python.exe D:\pythonProject\EAX\EAX_TabuScheme.py 
初始解的最优路径为:[38 34 22 21 57 26 66 39 40  8 53 58  9 36 59 20 45 60 61 37 35 32 56 63
 52 46  0 41  3  4  2 11 27 64 51 31 14 28 15 13 54 42 16 43 18 48 29 47
 23 17 65 68 30  7 25 19 12 24 44 33 67 62  6 49 69 10  5  1 50 55]
初始解的最短路径长度为：3122.52
当前的最优路径为:[21, 22, 0, 59, 42, 27, 7, 13, 19, 6, 64, 55, 50, 1, 2, 43, 46, 57, 56, 63, 34, 58, 52, 16, 31, 8, 44, 67, 38, 41, 11, 15, 51, 9, 36, 40, 48, 25, 32, 4, 3, 54, 30, 47, 23, 68, 26, 24, 39, 66, 10, 37, 53, 61, 33, 29, 14, 28, 5, 35, 12, 17, 60, 45, 20, 18, 62, 69, 49, 65]
当前的最短路径长度为：2763.10
当前的最优路径为:[21, 22, 0, 59, 42, 45, 20, 18, 62, 69, 26, 24, 39, 66, 10, 37, 30, 54, 3, 4, 32, 25, 48, 40, 36, 9, 51, 15, 11, 41, 38, 67, 44, 8, 31, 16, 52, 58, 34, 63, 56, 57, 46, 43, 2, 1, 50, 55, 64, 6, 19, 13, 7, 27, 68, 23, 47, 53, 61, 33, 29, 14, 28, 5, 35, 12, 17, 60, 49, 65]
当前的最短路径长度为：2705.59
当前的最优路径为:[0, 22, 65, 21, 20, 18, 62, 60, 49, 69, 26, 24, 39, 66, 10, 43, 46, 57, 56, 63, 34, 58, 52, 16, 31, 8, 44, 67, 38, 41, 11, 15, 51, 9, 36, 40, 48, 25, 32, 4, 3, 54, 30, 37, 23, 6, 19, 13, 7, 27, 68, 14, 28, 5, 35, 12, 17, 2, 1, 50, 55, 64, 47, 53, 61, 33, 29, 45, 42, 59]
当前的最短路径长度为：2612.23
当前的最优路径为:[0, 22, 65, 21, 20, 18, 62, 60, 49, 69, 57, 56, 63, 34, 58, 52, 16, 32, 4, 3, 26, 24, 39, 66, 10, 43, 46, 35, 5, 28, 14, 68, 27, 25, 48, 40, 36, 9, 51, 15, 11, 41, 38, 67, 44, 8, 31, 54, 7, 13, 19, 6, 23, 37, 30, 12, 17, 2, 1, 50, 55, 64, 47, 53, 61, 33, 29, 45, 42, 59]
当前的最短路径长度为：2454.38
当前的最优路径为:[65, 22, 35, 46, 43, 19, 6, 13, 7, 54, 48, 25, 27, 68, 14, 28, 5, 17, 2, 1, 50, 61, 33, 29, 45, 42, 59, 0, 15, 56, 37, 30, 12, 69, 49, 57, 55, 64, 47, 53, 60, 20, 39, 24, 26, 3, 4, 32, 16, 52, 58, 34, 63, 10, 66, 38, 67, 44, 8, 31, 18, 21, 62, 41, 11, 40, 36, 9, 51, 23]
当前的最短路径长度为：2045.28
当前的最优路径为:[65, 22, 35, 46, 36, 40, 3, 4, 32, 16, 8, 31, 18, 21, 62, 41, 11, 9, 51, 50, 61, 33, 29, 42, 59, 0, 15, 56, 37, 30, 12, 69, 34, 58, 52, 66, 10, 63, 49, 57, 55, 64, 47, 53, 60, 44, 67, 38, 45, 24, 26, 39, 20, 43, 19, 6, 13, 7, 54, 48, 25, 27, 68, 14, 28, 5, 17, 2, 1, 23]
当前的最短路径长度为：1748.89
当前的最优路径为:[65, 22, 35, 46, 36, 40, 3, 59, 42, 29, 33, 61, 60, 44, 67, 38, 45, 24, 26, 39, 20, 43, 19, 6, 13, 7, 54, 48, 25, 27, 41, 11, 9, 51, 50, 55, 64, 47, 53, 66, 10, 63, 49, 57, 52, 58, 34, 69, 12, 30, 37, 56, 15, 0, 4, 32, 16, 8, 31, 18, 21, 62, 68, 14, 28, 5, 17, 2, 1, 23]
当前的最短路径长度为：1595.25
当前的最优路径为:[35, 22, 15, 0, 4, 66, 10, 63, 50, 55, 64, 47, 53, 32, 16, 8, 31, 18, 21, 62, 68, 14, 28, 12, 69, 30, 34, 58, 37, 56, 65, 23, 1, 2, 17, 5, 52, 57, 49, 42, 29, 45, 24, 26, 39, 38, 67, 44, 60, 61, 33, 20, 43, 19, 6, 13, 7, 54, 48, 25, 27, 41, 11, 9, 51, 59, 3, 40, 36, 46]
当前的最短路径长度为：1436.42
当前的最优路径为:[35, 22, 46, 36, 4, 66, 10, 63, 50, 55, 64, 47, 53, 32, 11, 9, 51, 59, 3, 40, 41, 27, 25, 48, 54, 7, 13, 6, 19, 43, 20, 33, 61, 60, 44, 67, 38, 39, 26, 24, 45, 29, 42, 49, 57, 52, 5, 17, 2, 18, 31, 8, 16, 1, 23, 14, 34, 30, 28, 12, 69, 68, 65, 56, 62, 21, 37, 58, 15, 0]
当前的最短路径长度为：1277.32
当前的最优路径为:[35, 22, 15, 58, 37, 21, 62, 56, 65, 68, 69, 12, 28, 30, 34, 14, 23, 1, 41, 42, 11, 32, 53, 47, 64, 55, 50, 63, 10, 66, 4, 36, 52, 5, 40, 67, 20, 33, 61, 60, 24, 38, 44, 39, 8, 16, 43, 19, 29, 45, 26, 13, 27, 25, 54, 48, 7, 18, 31, 2, 17, 6, 3, 59, 51, 9, 49, 57, 46, 0]
当前的最短路径长度为：1055.01
当前的最优路径为:[35, 22, 15, 58, 37, 21, 62, 56, 65, 68, 69, 12, 28, 30, 34, 14, 23, 1, 6, 3, 42, 41, 17, 2, 31, 18, 7, 48, 54, 25, 27, 13, 26, 45, 29, 19, 43, 16, 8, 39, 44, 38, 24, 60, 61, 33, 20, 67, 40, 5, 52, 36, 4, 50, 55, 64, 47, 10, 63, 66, 53, 32, 11, 59, 51, 9, 49, 57, 46, 0]
当前的最短路径长度为：993.83
当前的最优路径为:[35, 22, 12, 28, 30, 34, 69, 68, 65, 52, 5, 41, 17, 2, 31, 18, 7, 48, 54, 25, 27, 13, 26, 45, 29, 19, 43, 67, 40, 42, 3, 6, 1, 23, 14, 56, 62, 21, 37, 58, 15, 36, 4, 50, 55, 64, 47, 10, 63, 66, 53, 61, 60, 24, 38, 44, 39, 8, 16, 20, 33, 32, 11, 59, 51, 9, 49, 57, 46, 0]
当前的最短路径长度为：926.09
当前的最优路径为:[35, 22, 12, 28, 30, 34, 69, 68, 65, 52, 5, 41, 17, 40, 42, 67, 43, 19, 29, 45, 26, 13, 27, 7, 48, 54, 25, 31, 2, 3, 6, 1, 18, 23, 14, 56, 62, 21, 37, 58, 15, 36, 4, 50, 55, 64, 47, 10, 63, 66, 53, 61, 60, 24, 38, 44, 39, 8, 16, 20, 33, 32, 11, 59, 51, 9, 49, 57, 46, 0]
当前的最短路径长度为：890.01
当前的最优路径为:[35, 22, 68, 69, 34, 30, 28, 12, 37, 58, 21, 65, 62, 56, 14, 23, 18, 1, 6, 3, 2, 31, 25, 54, 48, 7, 27, 13, 19, 29, 43, 67, 42, 40, 17, 41, 5, 52, 46, 57, 49, 50, 55, 64, 63, 10, 47, 66, 53, 61, 38, 24, 44, 60, 39, 45, 26, 8, 16, 20, 33, 32, 11, 59, 51, 9, 4, 36, 15, 0]
当前的最短路径长度为：768.14
当前的最优路径为:[35, 22, 68, 69, 34, 30, 28, 12, 37, 58, 21, 65, 62, 56, 14, 23, 18, 1, 6, 3, 2, 31, 25, 54, 48, 7, 27, 13, 19, 29, 43, 67, 8, 26, 45, 39, 60, 44, 24, 38, 61, 53, 66, 47, 10, 63, 64, 55, 50, 59, 11, 32, 33, 20, 16, 42, 40, 17, 41, 5, 52, 4, 9, 51, 49, 57, 36, 46, 15, 0]
当前的最短路径长度为：730.72
当前的最优路径为:[35, 22, 68, 34, 30, 69, 28, 12, 37, 58, 21, 65, 62, 56, 14, 23, 18, 1, 6, 3, 2, 31, 25, 54, 48, 7, 27, 13, 19, 29, 43, 67, 8, 26, 45, 39, 60, 44, 24, 38, 61, 53, 66, 47, 10, 63, 64, 55, 50, 59, 11, 32, 33, 20, 16, 42, 40, 17, 41, 5, 52, 4, 9, 51, 49, 57, 36, 46, 15, 0]
当前的最短路径长度为：726.17
当前的最优路径为:[35, 22, 68, 34, 30, 69, 28, 12, 37, 58, 21, 65, 62, 56, 14, 23, 18, 25, 54, 48, 7, 27, 13, 19, 29, 43, 67, 8, 26, 45, 39, 60, 44, 24, 38, 61, 53, 66, 47, 10, 63, 64, 55, 50, 59, 11, 32, 33, 20, 16, 42, 40, 2, 31, 1, 6, 3, 17, 41, 5, 52, 4, 9, 51, 49, 57, 36, 46, 15, 0]
当前的最短路径长度为：718.07
当前的最优路径为:[69, 30, 68, 34, 58, 37, 21, 65, 62, 56, 14, 23, 18, 25, 48, 54, 7, 27, 13, 19, 29, 43, 67, 8, 26, 45, 39, 60, 44, 24, 38, 61, 53, 66, 47, 10, 63, 64, 55, 50, 59, 11, 32, 33, 20, 16, 42, 40, 2, 31, 1, 6, 3, 17, 41, 5, 52, 4, 9, 51, 49, 57, 36, 15, 46, 22, 0, 35, 12, 28]
当前的最短路径长度为：714.17
当前的最优路径为:[69, 30, 68, 34, 58, 37, 21, 65, 62, 56, 14, 23, 18, 25, 48, 54, 7, 27, 13, 19, 29, 43, 67, 8, 26, 45, 39, 60, 44, 24, 38, 61, 53, 66, 47, 10, 63, 64, 55, 50, 59, 32, 11, 33, 20, 16, 42, 40, 2, 31, 6, 1, 3, 17, 41, 5, 52, 4, 9, 51, 49, 57, 36, 15, 46, 22, 0, 35, 28, 12]
当前的最短路径长度为：702.66
当前的最优路径为:[69, 30, 68, 34, 58, 37, 21, 62, 65, 56, 14, 23, 18, 54, 48, 25, 7, 27, 13, 19, 29, 67, 43, 2, 31, 6, 1, 3, 17, 5, 41, 40, 42, 16, 8, 26, 45, 39, 60, 44, 24, 38, 61, 53, 66, 47, 10, 63, 64, 55, 50, 32, 20, 33, 11, 59, 51, 9, 52, 4, 49, 57, 36, 15, 46, 22, 0, 35, 28, 12]
当前的最短路径长度为：699.69
当前的最优路径为:[68, 30, 37, 58, 21, 62, 65, 56, 14, 23, 18, 54, 48, 25, 7, 27, 13, 19, 29, 67, 43, 2, 31, 6, 1, 3, 17, 5, 41, 40, 42, 16, 8, 26, 45, 39, 60, 44, 24, 38, 61, 53, 66, 47, 10, 63, 64, 55, 50, 32, 20, 33, 11, 59, 51, 9, 52, 4, 49, 57, 36, 15, 46, 22, 0, 35, 28, 12, 69, 34]
当前的最短路径长度为：697.43
当前的最优路径为:[68, 30, 37, 58, 21, 62, 65, 56, 14, 23, 18, 54, 48, 25, 7, 27, 13, 19, 29, 67, 43, 2, 31, 6, 1, 3, 17, 5, 41, 40, 42, 16, 8, 26, 45, 39, 60, 44, 24, 38, 61, 53, 47, 66, 10, 63, 64, 55, 50, 32, 20, 33, 11, 59, 51, 9, 52, 4, 49, 57, 36, 46, 15, 0, 35, 22, 12, 28, 69, 34]
当前的最短路径长度为：695.78
当前的最优路径为:[37, 30, 68, 34, 69, 28, 12, 22, 35, 0, 15, 46, 36, 57, 49, 4, 52, 9, 51, 59, 11, 33, 20, 32, 50, 55, 64, 63, 10, 66, 47, 53, 61, 38, 24, 44, 60, 39, 45, 26, 8, 16, 42, 40, 41, 5, 17, 3, 1, 6, 31, 2, 43, 67, 29, 19, 13, 27, 7, 25, 48, 54, 18, 23, 14, 56, 65, 62, 21, 58]
当前的最短路径长度为：695.78
当前的最优路径为:[37, 30, 68, 34, 69, 28, 12, 22, 35, 0, 15, 46, 36, 57, 49, 52, 4, 9, 51, 50, 55, 64, 63, 10, 66, 47, 53, 61, 32, 59, 11, 33, 20, 16, 42, 8, 39, 60, 38, 24, 44, 45, 26, 67, 43, 29, 19, 13, 27, 7, 25, 54, 48, 31, 2, 41, 40, 5, 17, 3, 1, 6, 18, 23, 14, 56, 65, 62, 21, 58]
当前的最短路径长度为：690.10
当前的最优路径为:[37, 30, 68, 34, 69, 28, 12, 22, 35, 0, 15, 46, 36, 57, 49, 52, 4, 9, 51, 50, 55, 64, 63, 10, 66, 47, 53, 61, 32, 59, 11, 33, 20, 16, 42, 8, 39, 60, 38, 24, 44, 45, 26, 67, 43, 29, 19, 13, 27, 7, 25, 54, 48, 31, 2, 41, 40, 5, 17, 3, 1, 6, 18, 23, 14, 56, 62, 65, 21, 58]
当前的最短路径长度为：689.77
当前的最优路径为:[37, 30, 68, 34, 69, 28, 12, 22, 35, 0, 15, 46, 36, 57, 49, 52, 4, 9, 51, 50, 55, 64, 63, 10, 66, 47, 53, 61, 32, 59, 11, 33, 20, 16, 42, 8, 39, 60, 38, 24, 44, 45, 26, 67, 43, 29, 19, 13, 27, 48, 54, 25, 7, 2, 31, 41, 40, 5, 17, 3, 1, 6, 18, 23, 14, 56, 62, 65, 21, 58]
当前的最短路径长度为：683.56
当前的最优路径为:[37, 30, 68, 34, 69, 28, 12, 22, 35, 0, 15, 46, 36, 57, 49, 52, 4, 9, 51, 50, 55, 64, 63, 10, 66, 47, 53, 61, 32, 59, 11, 33, 20, 16, 42, 8, 39, 60, 38, 24, 44, 45, 26, 67, 43, 29, 19, 13, 27, 48, 54, 25, 7, 2, 31, 41, 40, 5, 17, 3, 1, 6, 18, 23, 14, 56, 62, 65, 21, 58]
当前的最短路径长度为：683.56
当前的最优路径为:[37, 30, 68, 34, 69, 28, 12, 22, 35, 0, 15, 46, 36, 57, 49, 52, 4, 9, 51, 50, 55, 64, 63, 10, 66, 47, 53, 61, 32, 59, 11, 33, 20, 16, 42, 8, 39, 60, 38, 24, 44, 45, 26, 67, 43, 29, 19, 13, 27, 48, 54, 25, 7, 2, 31, 41, 40, 5, 17, 3, 1, 6, 18, 23, 14, 56, 62, 65, 21, 58]
当前的最短路径长度为：683.56
当前的最优路径为:[37, 30, 68, 34, 69, 28, 12, 22, 35, 0, 15, 46, 36, 57, 49, 52, 4, 9, 51, 59, 50, 55, 64, 63, 10, 66, 47, 53, 61, 32, 11, 33, 20, 16, 42, 8, 39, 60, 38, 24, 44, 45, 26, 67, 43, 29, 19, 13, 27, 48, 54, 25, 7, 2, 31, 41, 40, 5, 17, 3, 1, 6, 18, 23, 14, 56, 62, 65, 21, 58]
当前的最短路径长度为：682.57
当前的最优路径为:[37, 30, 68, 34, 69, 28, 12, 22, 35, 0, 15, 46, 36, 57, 49, 50, 55, 64, 63, 10, 66, 47, 53, 61, 32, 33, 20, 11, 59, 51, 9, 4, 52, 5, 40, 42, 16, 8, 39, 60, 38, 24, 44, 45, 26, 67, 43, 29, 19, 13, 27, 48, 54, 25, 7, 2, 31, 41, 17, 3, 1, 6, 18, 23, 14, 56, 62, 65, 21, 58]
当前的最短路径长度为：677.11
当前的最优路径为:[37, 30, 68, 34, 69, 28, 12, 22, 35, 0, 15, 46, 36, 57, 49, 50, 55, 64, 63, 10, 66, 47, 53, 61, 32, 33, 20, 11, 59, 51, 9, 4, 52, 5, 40, 42, 16, 8, 39, 60, 38, 24, 44, 45, 26, 67, 43, 29, 19, 13, 27, 48, 54, 25, 7, 2, 31, 41, 17, 3, 1, 6, 18, 23, 14, 56, 62, 65, 21, 58]
当前的最短路径长度为：677.11
当前的最优路径为:[37, 30, 68, 34, 69, 28, 12, 22, 35, 0, 15, 46, 36, 57, 49, 50, 55, 64, 63, 10, 66, 47, 53, 61, 32, 33, 20, 11, 59, 51, 9, 4, 52, 5, 40, 42, 16, 8, 39, 60, 38, 24, 44, 45, 26, 67, 43, 29, 19, 13, 27, 48, 54, 25, 7, 2, 31, 41, 17, 3, 1, 6, 18, 23, 14, 56, 62, 65, 21, 58]
当前的最短路径长度为：677.11
当前的最优路径为:[37, 30, 68, 34, 69, 28, 12, 22, 35, 0, 15, 46, 36, 57, 49, 50, 55, 64, 63, 10, 66, 47, 53, 61, 32, 33, 20, 11, 59, 51, 9, 4, 52, 5, 40, 42, 16, 8, 39, 60, 38, 24, 44, 45, 26, 67, 43, 29, 19, 13, 27, 48, 54, 25, 7, 2, 31, 41, 17, 3, 1, 6, 18, 23, 14, 56, 62, 65, 21, 58]
当前的最短路径长度为：677.11
当前的最优路径为:[37, 30, 68, 34, 69, 28, 12, 22, 35, 0, 15, 46, 36, 57, 49, 50, 55, 64, 63, 10, 66, 47, 53, 61, 32, 33, 20, 11, 59, 51, 9, 4, 52, 5, 40, 42, 16, 8, 39, 60, 38, 24, 44, 45, 26, 67, 43, 29, 19, 13, 27, 48, 54, 25, 7, 2, 31, 41, 17, 3, 1, 6, 18, 23, 14, 56, 62, 65, 21, 58]
当前的最短路径长度为：677.11
当前的最优路径为:[37, 30, 68, 34, 69, 28, 12, 22, 35, 0, 15, 46, 36, 57, 49, 50, 55, 64, 63, 10, 66, 47, 53, 61, 32, 33, 20, 11, 59, 51, 9, 4, 52, 5, 40, 42, 16, 8, 39, 60, 38, 24, 44, 45, 26, 67, 43, 29, 19, 13, 27, 48, 54, 25, 7, 2, 31, 41, 17, 3, 1, 6, 18, 23, 14, 56, 62, 65, 21, 58]
当前的最短路径长度为：677.11
当前的最优路径为:[37, 30, 68, 34, 69, 28, 12, 22, 35, 0, 15, 46, 36, 57, 49, 50, 55, 64, 63, 10, 66, 47, 53, 61, 32, 33, 20, 11, 59, 51, 9, 4, 52, 5, 40, 42, 16, 8, 39, 60, 38, 24, 44, 45, 26, 67, 43, 29, 19, 13, 27, 48, 54, 25, 7, 2, 31, 41, 17, 3, 1, 6, 18, 23, 14, 56, 62, 65, 21, 58]
当前的最短路径长度为：677.11
当前的最优路径为:[37, 30, 68, 34, 69, 28, 12, 22, 35, 0, 15, 46, 36, 57, 49, 50, 55, 64, 63, 10, 66, 47, 53, 61, 32, 33, 20, 11, 59, 51, 9, 4, 52, 5, 40, 42, 16, 8, 39, 60, 38, 24, 44, 45, 26, 67, 43, 29, 19, 13, 27, 48, 54, 25, 7, 2, 31, 41, 17, 3, 1, 6, 18, 23, 14, 56, 62, 65, 21, 58]
当前的最短路径长度为：677.11
当前的最优路径为:[37, 30, 68, 34, 69, 28, 12, 22, 35, 0, 15, 46, 36, 57, 49, 50, 55, 64, 63, 10, 66, 47, 53, 61, 32, 33, 20, 11, 59, 51, 9, 4, 52, 5, 40, 42, 16, 8, 39, 60, 38, 24, 44, 45, 26, 67, 43, 29, 19, 13, 27, 48, 54, 25, 7, 2, 31, 41, 17, 3, 1, 6, 18, 23, 14, 56, 62, 65, 21, 58]
当前的最短路径长度为：677.11
当前的最优路径为:[37, 30, 68, 34, 69, 28, 12, 22, 35, 0, 15, 46, 36, 57, 49, 50, 55, 64, 63, 10, 66, 47, 53, 61, 32, 33, 20, 11, 59, 51, 9, 4, 52, 5, 40, 42, 16, 8, 39, 60, 38, 24, 44, 45, 26, 67, 43, 29, 19, 13, 27, 48, 54, 25, 7, 2, 31, 41, 17, 3, 1, 6, 18, 23, 14, 56, 62, 65, 21, 58]
当前的最短路径长度为：677.11
当前的最优路径为:[37, 30, 68, 34, 69, 28, 12, 22, 35, 0, 15, 46, 36, 57, 49, 50, 55, 64, 63, 10, 66, 47, 53, 61, 32, 33, 20, 11, 59, 51, 9, 4, 52, 5, 40, 42, 16, 8, 39, 60, 38, 24, 44, 45, 26, 67, 43, 29, 19, 13, 27, 48, 54, 25, 7, 2, 31, 41, 17, 3, 1, 6, 18, 23, 14, 56, 62, 65, 21, 58]
当前的最短路径长度为：677.11
当前的最优路径为:[37, 30, 68, 34, 69, 28, 12, 22, 35, 0, 15, 46, 36, 57, 49, 50, 55, 64, 63, 10, 66, 47, 53, 61, 32, 33, 20, 11, 59, 51, 9, 4, 52, 5, 40, 42, 16, 8, 39, 60, 38, 24, 44, 45, 26, 67, 43, 29, 19, 13, 27, 48, 54, 25, 7, 2, 31, 41, 17, 3, 1, 6, 18, 23, 14, 56, 62, 65, 21, 58]
当前的最短路径长度为：677.11
当前的最优路径为:[37, 30, 68, 34, 69, 28, 12, 22, 35, 0, 15, 46, 36, 57, 49, 50, 55, 64, 63, 10, 66, 47, 53, 61, 32, 33, 20, 11, 59, 51, 9, 4, 52, 5, 40, 42, 16, 8, 39, 60, 38, 24, 44, 45, 26, 67, 43, 29, 19, 13, 27, 48, 54, 25, 7, 2, 31, 41, 17, 3, 1, 6, 18, 23, 14, 56, 62, 65, 21, 58]
当前的最短路径长度为：677.11
当前的最优路径为:[37, 30, 68, 34, 69, 28, 12, 22, 35, 0, 15, 46, 36, 57, 49, 50, 55, 64, 63, 10, 66, 47, 53, 61, 32, 33, 20, 11, 59, 51, 9, 4, 52, 5, 40, 42, 16, 8, 39, 60, 38, 24, 44, 45, 26, 67, 43, 29, 19, 13, 27, 48, 54, 25, 7, 2, 31, 41, 17, 3, 1, 6, 18, 23, 14, 56, 62, 65, 21, 58]
当前的最短路径长度为：677.11
当前的最优路径为:[37, 30, 68, 34, 69, 28, 12, 22, 35, 0, 15, 46, 36, 57, 49, 50, 55, 64, 63, 10, 66, 47, 53, 61, 32, 33, 20, 11, 59, 51, 9, 4, 52, 5, 40, 42, 16, 8, 39, 60, 38, 24, 44, 45, 26, 67, 43, 29, 19, 13, 27, 48, 54, 25, 7, 2, 31, 41, 17, 3, 1, 6, 18, 23, 14, 56, 62, 65, 21, 58]
当前的最短路径长度为：677.11
当前的最优路径为:[37, 30, 68, 34, 69, 28, 12, 22, 35, 0, 15, 46, 36, 57, 49, 50, 55, 64, 63, 10, 66, 47, 53, 61, 32, 33, 20, 11, 59, 51, 9, 4, 52, 5, 40, 42, 16, 8, 39, 60, 38, 24, 44, 45, 26, 67, 43, 29, 19, 13, 27, 48, 54, 25, 7, 2, 31, 41, 17, 3, 1, 6, 18, 23, 14, 56, 62, 65, 21, 58]
当前的最短路径长度为：677.11
当前的最优路径为:[37, 30, 68, 34, 69, 28, 12, 22, 35, 0, 15, 46, 36, 57, 49, 50, 55, 64, 63, 10, 66, 47, 53, 61, 32, 33, 20, 11, 59, 51, 9, 4, 52, 5, 40, 42, 16, 8, 39, 60, 38, 24, 44, 45, 26, 67, 43, 29, 19, 13, 27, 48, 54, 25, 7, 2, 31, 41, 17, 3, 1, 6, 18, 23, 14, 56, 62, 65, 21, 58]
当前的最短路径长度为：677.11
当前的最优路径为:[37, 30, 68, 34, 69, 28, 12, 22, 35, 0, 15, 46, 36, 57, 49, 50, 55, 64, 63, 10, 66, 47, 53, 61, 32, 33, 20, 11, 59, 51, 9, 4, 52, 5, 40, 42, 16, 8, 39, 60, 38, 24, 44, 45, 26, 67, 43, 29, 19, 13, 27, 48, 54, 25, 7, 2, 31, 41, 17, 3, 1, 6, 18, 23, 14, 56, 62, 65, 21, 58]
当前的最短路径长度为：677.11
当前的最优路径为:[37, 30, 68, 34, 69, 28, 12, 22, 35, 0, 15, 46, 36, 57, 49, 50, 55, 64, 63, 10, 66, 47, 53, 61, 32, 33, 20, 11, 59, 51, 9, 4, 52, 5, 40, 42, 16, 8, 39, 60, 38, 24, 44, 45, 26, 67, 43, 29, 19, 13, 27, 48, 54, 25, 7, 2, 31, 41, 17, 3, 1, 6, 18, 23, 14, 56, 62, 65, 21, 58]
当前的最短路径长度为：677.11
当前的最优路径为:[37, 30, 68, 34, 69, 28, 12, 22, 35, 0, 15, 46, 36, 57, 49, 50, 55, 64, 63, 10, 66, 47, 53, 61, 32, 33, 20, 11, 59, 51, 9, 4, 52, 5, 40, 42, 16, 8, 39, 60, 38, 24, 44, 45, 26, 67, 43, 29, 19, 13, 27, 48, 54, 25, 7, 2, 31, 41, 17, 3, 1, 6, 18, 23, 14, 56, 62, 65, 21, 58]
当前的最短路径长度为：677.11
当前的最优路径为:[37, 30, 68, 34, 69, 28, 12, 22, 35, 0, 15, 46, 36, 57, 49, 50, 55, 64, 63, 10, 66, 47, 53, 61, 32, 33, 20, 11, 59, 51, 9, 4, 52, 5, 40, 42, 16, 8, 39, 60, 38, 24, 44, 45, 26, 67, 43, 29, 19, 13, 27, 48, 54, 25, 7, 2, 31, 41, 17, 3, 1, 6, 18, 23, 14, 56, 62, 65, 21, 58]
当前的最短路径长度为：677.11
当前的最优路径为:[37, 30, 68, 34, 69, 28, 12, 22, 35, 0, 15, 46, 36, 57, 49, 50, 55, 64, 63, 10, 66, 47, 53, 61, 32, 33, 20, 11, 59, 51, 9, 4, 52, 5, 40, 42, 16, 8, 39, 60, 38, 24, 44, 45, 26, 67, 43, 29, 19, 13, 27, 48, 54, 25, 7, 2, 31, 41, 17, 3, 1, 6, 18, 23, 14, 56, 62, 65, 21, 58]
当前的最短路径长度为：677.11
当前的最优路径为:[37, 30, 68, 34, 69, 28, 12, 22, 35, 0, 15, 46, 36, 57, 49, 50, 55, 64, 63, 10, 66, 47, 53, 61, 32, 33, 20, 11, 59, 51, 9, 4, 52, 5, 40, 42, 16, 8, 39, 60, 38, 24, 44, 45, 26, 67, 43, 29, 19, 13, 27, 48, 54, 25, 7, 2, 31, 41, 17, 3, 1, 6, 18, 23, 14, 56, 62, 65, 21, 58]
当前的最短路径长度为：677.11
当前的最优路径为:[37, 30, 68, 34, 69, 28, 12, 22, 35, 0, 15, 46, 36, 57, 49, 50, 55, 64, 63, 10, 66, 47, 53, 61, 32, 33, 20, 11, 59, 51, 9, 4, 52, 5, 40, 42, 16, 8, 39, 60, 38, 24, 44, 45, 26, 67, 43, 29, 19, 13, 27, 48, 54, 25, 7, 2, 31, 41, 17, 3, 1, 6, 18, 23, 14, 56, 62, 65, 21, 58]
当前的最短路径长度为：677.11
当前的最优路径为:[37, 30, 68, 34, 69, 28, 12, 22, 35, 0, 15, 46, 36, 57, 49, 50, 55, 64, 63, 10, 66, 47, 53, 61, 32, 33, 20, 11, 59, 51, 9, 4, 52, 5, 40, 42, 16, 8, 39, 60, 38, 24, 44, 45, 26, 67, 43, 29, 19, 13, 27, 48, 54, 25, 7, 2, 31, 41, 17, 3, 1, 6, 18, 23, 14, 56, 62, 65, 21, 58]
当前的最短路径长度为：677.11
当前的最优路径为:[37, 30, 68, 34, 69, 28, 12, 22, 35, 0, 15, 46, 36, 57, 49, 50, 55, 64, 63, 10, 66, 47, 53, 61, 32, 33, 20, 11, 59, 51, 9, 4, 52, 5, 40, 42, 16, 8, 39, 60, 38, 24, 44, 45, 26, 67, 43, 29, 19, 13, 27, 48, 54, 25, 7, 2, 31, 41, 17, 3, 1, 6, 18, 23, 14, 56, 62, 65, 21, 58]
当前的最短路径长度为：677.11
当前的最优路径为:[37, 30, 68, 34, 69, 28, 12, 22, 35, 0, 15, 46, 36, 57, 49, 50, 55, 64, 63, 10, 66, 47, 53, 61, 32, 33, 20, 11, 59, 51, 9, 4, 52, 5, 40, 42, 16, 8, 39, 60, 38, 24, 44, 45, 26, 67, 43, 29, 19, 13, 27, 48, 54, 25, 7, 2, 31, 41, 17, 3, 1, 6, 18, 23, 14, 56, 62, 65, 21, 58]
当前的最短路径长度为：677.11
当前的最优路径为:[37, 30, 68, 34, 69, 28, 12, 22, 35, 0, 15, 46, 36, 57, 49, 50, 55, 64, 63, 10, 66, 47, 53, 61, 32, 33, 20, 11, 59, 51, 9, 4, 52, 5, 40, 42, 16, 8, 39, 60, 38, 24, 44, 45, 26, 67, 43, 29, 19, 13, 27, 48, 54, 25, 7, 2, 31, 41, 17, 3, 1, 6, 18, 23, 14, 56, 62, 65, 21, 58]
当前的最短路径长度为：677.11
当前的最优路径为:[37, 30, 68, 34, 69, 28, 12, 22, 35, 0, 15, 46, 36, 57, 49, 50, 55, 64, 63, 10, 66, 47, 53, 61, 32, 33, 20, 11, 59, 51, 9, 4, 52, 5, 40, 42, 16, 8, 39, 60, 38, 24, 44, 45, 26, 67, 43, 29, 19, 13, 27, 48, 54, 25, 7, 2, 31, 41, 17, 3, 1, 6, 18, 23, 14, 56, 62, 65, 21, 58]
当前的最短路径长度为：677.11
当前的最优路径为:[37, 30, 68, 34, 69, 28, 12, 22, 35, 0, 15, 46, 36, 57, 49, 50, 55, 64, 63, 10, 66, 47, 53, 61, 32, 33, 20, 11, 59, 51, 9, 4, 52, 5, 40, 42, 16, 8, 39, 60, 38, 24, 44, 45, 26, 67, 43, 29, 19, 13, 27, 48, 54, 25, 7, 2, 31, 41, 17, 3, 1, 6, 18, 23, 14, 56, 62, 65, 21, 58]
当前的最短路径长度为：677.11
当前的最优路径为:[37, 30, 68, 34, 69, 28, 12, 22, 35, 0, 15, 46, 36, 57, 49, 50, 55, 64, 63, 10, 66, 47, 53, 61, 32, 33, 20, 11, 59, 51, 9, 4, 52, 5, 40, 42, 16, 8, 39, 60, 38, 24, 44, 45, 26, 67, 43, 29, 19, 13, 27, 48, 54, 25, 7, 2, 31, 41, 17, 3, 1, 6, 18, 23, 14, 56, 62, 65, 21, 58]
当前的最短路径长度为：677.11
代码运行时间： 274.1243402957916 秒

进程已结束，退出代码为 0
