初始解的最优路径为:[ 1 40 15 35 68 51 10  4 53 24 59 55  0  8 19 60 25 16  3 52 20 42 17 46
 14 27  9 61 36 39 67 28 23  5 44 63 29 38 45 58 62 21 18 65 22 66 64 50
 57 37  2 69  7 13 54 34 41 32 43 47 49 11 30 12 31 26 48 56 33  6]
初始解的最短路径长度为：3147.93
当前的最优路径为:[40, 1, 6, 33, 56, 48, 26, 31, 2, 37, 57, 43, 32, 41, 34, 54, 13, 7, 69, 12, 35, 15, 23, 28, 30, 11, 49, 47, 61, 9, 58, 45, 38, 67, 39, 36, 16, 25, 60, 19, 8, 29, 27, 14, 46, 17, 42, 20, 52, 3, 5, 44, 63, 0, 55, 59, 24, 53, 4, 10, 51, 68, 50, 64, 66, 22, 65, 18, 21, 62]
当前的最短路径长度为：2848.57
代码运行时间： 4.3851258754730225 秒
当前的最优路径为:[40, 1, 6, 33, 56, 69, 7, 13, 54, 34, 41, 32, 36, 39, 67, 38, 45, 58, 9, 61, 47, 46, 5, 44, 63, 0, 55, 59, 24, 53, 50, 64, 66, 22, 65, 18, 4, 10, 51, 68, 12, 35, 15, 28, 30, 11, 49, 57, 43, 17, 42, 20, 16, 52, 3, 31, 26, 48, 27, 14, 23, 25, 60, 29, 8, 19, 2, 37, 21, 62]
当前的最短路径长度为：2629.40
代码运行时间： 9.026873111724854 秒
当前的最优路径为:[40, 1, 6, 33, 3, 31, 26, 45, 38, 67, 39, 36, 32, 41, 34, 54, 13, 7, 69, 56, 58, 9, 61, 47, 46, 15, 28, 30, 22, 5, 44, 63, 0, 55, 59, 24, 53, 50, 64, 66, 11, 49, 57, 43, 17, 42, 20, 16, 52, 65, 18, 4, 10, 51, 68, 12, 35, 23, 14, 27, 48, 25, 60, 29, 8, 19, 2, 37, 21, 62]
当前的最短路径长度为：2391.47
代码运行时间： 13.621185779571533 秒
当前的最优路径为:[40, 1, 6, 33, 7, 13, 54, 34, 41, 32, 36, 62, 21, 69, 56, 58, 9, 61, 47, 55, 59, 24, 53, 50, 64, 66, 11, 49, 57, 43, 5, 44, 63, 0, 46, 15, 28, 30, 22, 37, 2, 19, 8, 29, 60, 25, 48, 27, 14, 23, 35, 12, 68, 51, 10, 4, 39, 67, 38, 45, 26, 31, 3, 18, 65, 52, 16, 20, 42, 17]
当前的最短路径长度为：2181.24
代码运行时间： 18.864931106567383 秒
当前的最优路径为:[40, 1, 6, 33, 32, 36, 62, 21, 69, 56, 58, 9, 8, 19, 2, 37, 22, 30, 28, 15, 46, 0, 63, 44, 5, 43, 57, 49, 11, 66, 64, 50, 53, 24, 59, 55, 47, 61, 60, 29, 7, 13, 54, 34, 41, 26, 45, 38, 67, 39, 4, 10, 51, 68, 12, 35, 23, 14, 27, 48, 25, 31, 3, 18, 65, 52, 16, 20, 42, 17]
当前的最短路径长度为：2056.97
代码运行时间： 24.10191512107849 秒
当前的最优路径为:[40, 1, 6, 33, 32, 36, 62, 21, 69, 56, 58, 9, 66, 64, 50, 53, 35, 12, 68, 51, 10, 4, 39, 67, 24, 60, 8, 61, 59, 55, 47, 63, 0, 46, 31, 25, 48, 27, 19, 2, 43, 5, 44, 26, 45, 38, 11, 49, 57, 37, 22, 30, 28, 15, 41, 34, 14, 23, 54, 13, 7, 29, 17, 42, 20, 16, 52, 65, 18, 3]
当前的最短路径长度为：1889.61
代码运行时间： 30.2480525970459 秒
当前的最优路径为:[40, 1, 6, 33, 45, 26, 44, 24, 60, 39, 67, 5, 43, 2, 19, 8, 61, 59, 55, 47, 63, 0, 49, 57, 9, 66, 64, 50, 53, 35, 12, 68, 37, 22, 30, 28, 15, 41, 34, 58, 56, 69, 21, 62, 36, 32, 11, 38, 42, 20, 16, 52, 65, 18, 3, 7, 27, 48, 25, 31, 4, 10, 51, 46, 14, 23, 54, 13, 29, 17]
当前的最短路径长度为：1746.46
代码运行时间： 34.80116605758667 秒
当前的最优路径为:[40, 1, 6, 19, 2, 27, 7, 18, 3, 16, 20, 32, 11, 38, 42, 41, 48, 25, 31, 4, 10, 51, 46, 36, 57, 15, 28, 12, 68, 34, 58, 56, 69, 21, 62, 14, 23, 54, 13, 29, 17, 33, 45, 26, 44, 24, 60, 43, 5, 67, 39, 8, 61, 59, 55, 47, 63, 0, 49, 37, 22, 30, 65, 52, 35, 53, 50, 64, 66, 9]
当前的最短路径长度为：1647.20
代码运行时间： 39.90488362312317 秒
当前的最优路径为:[40, 1, 6, 19, 2, 27, 7, 18, 3, 17, 29, 13, 54, 31, 25, 48, 41, 42, 38, 11, 52, 65, 21, 62, 14, 23, 34, 58, 56, 69, 30, 22, 37, 49, 28, 12, 68, 35, 15, 36, 46, 51, 10, 4, 57, 0, 63, 47, 55, 59, 61, 8, 39, 67, 5, 43, 60, 24, 44, 26, 45, 33, 16, 20, 32, 53, 50, 64, 66, 9]
当前的最短路径长度为：1497.39
代码运行时间： 44.96893048286438 秒
当前的最优路径为:[40, 1, 6, 54, 31, 25, 48, 41, 42, 26, 45, 60, 24, 44, 8, 39, 67, 5, 43, 29, 13, 19, 2, 27, 7, 18, 3, 17, 52, 65, 21, 62, 14, 23, 34, 58, 56, 69, 30, 22, 37, 49, 28, 12, 68, 35, 15, 36, 46, 51, 10, 4, 57, 0, 63, 47, 55, 59, 11, 38, 61, 33, 16, 20, 32, 53, 50, 64, 66, 9]
当前的最短路径长度为：1369.44
代码运行时间： 49.456088066101074 秒
当前的最优路径为:[40, 1, 6, 54, 31, 25, 48, 41, 42, 26, 45, 60, 24, 44, 8, 39, 67, 5, 43, 29, 13, 19, 2, 27, 7, 18, 3, 17, 52, 65, 58, 56, 69, 30, 22, 37, 21, 62, 14, 23, 34, 28, 12, 68, 35, 15, 36, 46, 51, 49, 59, 11, 38, 61, 33, 16, 20, 32, 53, 50, 64, 66, 10, 55, 47, 63, 0, 57, 4, 9]
当前的最短路径长度为：1239.66
代码运行时间： 53.86028552055359 秒
当前的最优路径为:[40, 1, 6, 54, 31, 25, 48, 41, 42, 26, 45, 60, 24, 44, 8, 39, 67, 5, 43, 29, 13, 19, 2, 27, 7, 18, 3, 17, 52, 65, 23, 14, 56, 58, 62, 21, 37, 68, 30, 69, 28, 12, 34, 22, 0, 35, 15, 36, 46, 51, 49, 59, 11, 38, 61, 33, 16, 20, 32, 53, 50, 64, 66, 10, 55, 47, 63, 57, 4, 9]
当前的最短路径长度为：1147.52
代码运行时间： 57.83681321144104 秒
当前的最优路径为:[40, 1, 6, 54, 31, 25, 48, 13, 29, 19, 2, 27, 7, 18, 3, 17, 52, 65, 23, 14, 56, 58, 62, 21, 37, 68, 30, 69, 28, 12, 34, 22, 0, 35, 15, 46, 36, 57, 4, 9, 51, 49, 59, 11, 33, 16, 20, 32, 53, 50, 64, 63, 47, 55, 10, 66, 61, 38, 24, 60, 45, 44, 8, 39, 67, 5, 43, 26, 42, 41]
当前的最短路径长度为：1037.58
代码运行时间： 62.01503109931946 秒
当前的最优路径为:[54, 31, 25, 48, 19, 13, 29, 43, 5, 67, 39, 38, 24, 60, 45, 44, 8, 26, 42, 41, 40, 16, 20, 33, 11, 59, 32, 53, 61, 66, 10, 55, 47, 63, 64, 50, 9, 51, 49, 4, 57, 36, 46, 15, 35, 0, 22, 34, 12, 28, 69, 30, 68, 37, 21, 62, 58, 56, 14, 23, 65, 52, 17, 3, 1, 6, 18, 7, 2, 27]
当前的最短路径长度为：952.86
代码运行时间： 65.97137475013733 秒
当前的最优路径为:[25, 31, 2, 27, 7, 6, 1, 3, 17, 40, 41, 5, 8, 39, 60, 38, 24, 44, 45, 26, 67, 13, 19, 29, 43, 42, 16, 20, 33, 11, 59, 32, 53, 61, 66, 10, 55, 47, 63, 64, 50, 9, 51, 49, 36, 57, 4, 52, 65, 21, 46, 15, 35, 0, 22, 34, 12, 28, 69, 37, 68, 30, 58, 62, 56, 23, 14, 18, 54, 48]
当前的最短路径长度为：825.70
代码运行时间： 69.58385229110718 秒
当前的最优路径为:[25, 31, 2, 27, 7, 6, 1, 3, 17, 40, 41, 5, 8, 39, 60, 38, 24, 44, 45, 26, 67, 13, 19, 29, 43, 42, 16, 20, 33, 11, 59, 32, 53, 61, 66, 10, 55, 47, 63, 64, 50, 9, 51, 49, 36, 57, 4, 52, 65, 21, 46, 15, 35, 0, 22, 34, 69, 28, 12, 30, 68, 37, 58, 62, 56, 23, 14, 18, 54, 48]
当前的最短路径长度为：806.89
代码运行时间： 73.23623442649841 秒
当前的最优路径为:[25, 31, 2, 27, 7, 18, 6, 1, 41, 5, 40, 17, 3, 23, 14, 56, 62, 58, 37, 68, 30, 12, 28, 69, 34, 22, 0, 35, 15, 46, 21, 65, 52, 4, 57, 36, 49, 51, 9, 50, 64, 63, 47, 55, 10, 66, 61, 53, 32, 59, 11, 20, 33, 60, 38, 44, 24, 26, 45, 39, 8, 16, 42, 67, 43, 29, 19, 13, 54, 48]
当前的最短路径长度为：800.18
代码运行时间： 76.45802545547485 秒
当前的最优路径为:[25, 31, 2, 27, 7, 18, 6, 1, 41, 5, 40, 17, 3, 23, 14, 56, 62, 21, 65, 58, 37, 68, 30, 12, 28, 69, 34, 22, 0, 35, 15, 46, 36, 57, 49, 4, 52, 51, 9, 50, 64, 63, 47, 55, 10, 66, 61, 53, 32, 59, 11, 20, 33, 60, 38, 44, 24, 26, 45, 39, 8, 16, 42, 67, 43, 29, 19, 13, 54, 48]
当前的最短路径长度为：781.72
代码运行时间： 80.4600157737732 秒
当前的最优路径为:[25, 31, 2, 27, 7, 18, 6, 1, 41, 5, 40, 17, 3, 23, 14, 56, 62, 21, 65, 58, 37, 68, 30, 12, 28, 69, 34, 22, 0, 35, 15, 46, 36, 57, 49, 52, 4, 9, 51, 59, 11, 20, 33, 32, 53, 47, 55, 50, 64, 63, 10, 66, 61, 60, 38, 44, 24, 26, 45, 39, 8, 16, 42, 67, 43, 29, 19, 13, 54, 48]
当前的最短路径长度为：765.79
代码运行时间： 83.21998238563538 秒
当前的最优路径为:[2, 31, 3, 17, 40, 5, 41, 1, 6, 18, 54, 48, 25, 7, 27, 13, 19, 29, 26, 45, 24, 44, 38, 60, 39, 8, 20, 33, 32, 53, 61, 66, 10, 47, 55, 64, 63, 50, 49, 57, 36, 46, 15, 35, 0, 22, 28, 12, 30, 68, 69, 34, 58, 37, 21, 65, 23, 14, 56, 62, 52, 4, 9, 51, 59, 11, 16, 42, 67, 43]
当前的最短路径长度为：755.10
代码运行时间： 86.1690456867218 秒
当前的最优路径为:[2, 31, 40, 5, 41, 17, 3, 1, 6, 18, 54, 48, 25, 7, 27, 13, 19, 29, 26, 45, 24, 44, 38, 60, 39, 8, 20, 33, 32, 53, 61, 66, 10, 47, 55, 64, 63, 50, 49, 57, 36, 46, 15, 35, 0, 22, 28, 12, 30, 68, 69, 34, 58, 37, 21, 65, 23, 14, 56, 62, 52, 4, 9, 51, 59, 11, 16, 42, 67, 43]
当前的最短路径长度为：746.08
代码运行时间： 88.58476281166077 秒
当前的最优路径为:[2, 31, 7, 25, 48, 54, 27, 13, 19, 29, 26, 45, 24, 44, 38, 60, 39, 8, 43, 67, 42, 16, 20, 33, 32, 53, 61, 66, 10, 47, 55, 64, 63, 50, 11, 59, 51, 4, 52, 9, 49, 57, 36, 46, 15, 35, 0, 22, 28, 12, 30, 68, 69, 34, 58, 37, 21, 65, 62, 56, 14, 23, 18, 6, 1, 3, 17, 5, 40, 41]
当前的最短路径长度为：736.86
代码运行时间： 90.6075005531311 秒
当前的最优路径为:[2, 31, 7, 25, 48, 54, 27, 13, 19, 29, 26, 45, 24, 44, 38, 60, 39, 8, 43, 67, 42, 16, 20, 33, 11, 59, 32, 53, 61, 66, 10, 47, 55, 64, 63, 50, 51, 4, 52, 9, 49, 57, 36, 46, 15, 35, 0, 22, 28, 12, 30, 68, 69, 34, 58, 37, 21, 65, 62, 56, 14, 23, 18, 6, 1, 3, 17, 5, 40, 41]
当前的最短路径长度为：724.22
代码运行时间： 92.5132348537445 秒
当前的最优路径为:[2, 31, 7, 25, 48, 54, 27, 13, 19, 29, 26, 45, 24, 44, 38, 60, 39, 8, 43, 67, 42, 16, 20, 33, 11, 59, 32, 53, 61, 66, 10, 47, 55, 64, 63, 50, 51, 4, 52, 9, 49, 57, 36, 46, 15, 35, 0, 22, 28, 12, 69, 34, 68, 30, 37, 58, 21, 65, 62, 56, 14, 23, 18, 6, 1, 3, 17, 5, 40, 41]
当前的最短路径长度为：719.29
代码运行时间： 94.62283635139465 秒
当前的最优路径为:[2, 31, 7, 25, 48, 54, 27, 13, 19, 29, 26, 45, 24, 44, 38, 60, 39, 8, 43, 67, 42, 16, 20, 33, 11, 59, 32, 61, 53, 47, 66, 10, 63, 64, 55, 50, 51, 4, 52, 9, 49, 57, 36, 46, 15, 35, 0, 22, 28, 12, 69, 34, 68, 30, 37, 58, 21, 65, 62, 56, 14, 23, 18, 6, 1, 3, 17, 5, 40, 41]
当前的最短路径长度为：704.08
代码运行时间： 96.61014866828918 秒
当前的最优路径为:[2, 31, 7, 25, 48, 54, 27, 13, 19, 29, 26, 45, 24, 44, 38, 60, 39, 8, 43, 67, 42, 16, 20, 33, 11, 59, 32, 61, 53, 47, 66, 10, 63, 64, 55, 50, 51, 9, 4, 52, 49, 57, 36, 46, 15, 35, 0, 22, 28, 12, 69, 34, 68, 30, 37, 58, 21, 65, 62, 56, 14, 23, 18, 6, 1, 3, 17, 5, 40, 41]
当前的最短路径长度为：700.74
代码运行时间： 98.45981502532959 秒
当前的最优路径为:[2, 31, 7, 25, 48, 54, 27, 13, 19, 29, 43, 67, 26, 45, 24, 44, 38, 60, 39, 8, 16, 42, 20, 33, 11, 59, 32, 61, 53, 47, 66, 10, 63, 64, 55, 50, 51, 9, 4, 52, 49, 57, 36, 46, 15, 35, 0, 22, 28, 12, 69, 34, 68, 30, 37, 58, 21, 65, 62, 56, 14, 23, 18, 6, 1, 3, 17, 5, 40, 41]
当前的最短路径长度为：693.87
代码运行时间： 100.15697741508484 秒
当前的最优路径为:[2, 31, 7, 25, 48, 54, 27, 13, 19, 29, 43, 67, 26, 45, 24, 44, 38, 60, 39, 8, 16, 42, 20, 33, 11, 59, 32, 61, 53, 47, 66, 10, 63, 64, 55, 50, 51, 9, 4, 52, 49, 57, 36, 46, 15, 22, 0, 35, 28, 12, 69, 34, 68, 30, 37, 58, 21, 65, 62, 56, 14, 23, 18, 6, 1, 3, 17, 5, 40, 41]
当前的最短路径长度为：691.05
代码运行时间： 101.78088474273682 秒
当前的最优路径为:[2, 31, 7, 25, 48, 54, 27, 13, 19, 29, 43, 67, 26, 45, 24, 44, 38, 60, 39, 8, 42, 16, 20, 33, 11, 59, 32, 61, 53, 47, 66, 10, 63, 64, 55, 50, 51, 9, 4, 52, 49, 57, 36, 46, 15, 22, 0, 35, 28, 12, 69, 34, 68, 30, 37, 58, 21, 65, 62, 56, 14, 23, 18, 6, 1, 3, 17, 5, 40, 41]
当前的最短路径长度为：688.19
代码运行时间： 103.56599426269531 秒
当前的最优路径为:[25, 7, 2, 31, 41, 40, 5, 17, 3, 1, 6, 18, 23, 14, 56, 62, 65, 21, 58, 37, 30, 68, 34, 69, 12, 28, 35, 0, 22, 15, 46, 36, 57, 49, 52, 4, 9, 51, 50, 55, 64, 63, 10, 66, 47, 53, 61, 32, 59, 11, 33, 20, 16, 42, 8, 39, 60, 38, 44, 24, 45, 26, 67, 43, 29, 19, 13, 27, 54, 48]
当前的最短路径长度为：685.81
代码运行时间： 105.85416984558105 秒
当前的最优路径为:[25, 7, 2, 31, 41, 40, 5, 17, 3, 1, 6, 18, 23, 14, 56, 62, 65, 21, 58, 37, 30, 68, 34, 69, 12, 28, 35, 0, 22, 15, 46, 36, 57, 49, 52, 4, 9, 51, 50, 55, 64, 63, 10, 66, 47, 53, 61, 32, 59, 11, 33, 20, 16, 42, 8, 39, 60, 38, 44, 24, 45, 26, 67, 43, 29, 19, 13, 27, 48, 54]
当前的最短路径长度为：683.64
代码运行时间： 107.78107023239136 秒
当前的最优路径为:[25, 7, 2, 31, 41, 40, 5, 17, 3, 1, 6, 18, 23, 14, 56, 62, 65, 21, 58, 37, 30, 68, 34, 69, 28, 12, 22, 35, 0, 15, 46, 36, 57, 49, 52, 4, 9, 51, 50, 55, 64, 63, 10, 66, 47, 53, 61, 32, 59, 11, 33, 20, 16, 42, 8, 39, 60, 38, 44, 24, 45, 26, 67, 43, 29, 19, 13, 27, 48, 54]
当前的最短路径长度为：683.56
代码运行时间： 108.827064037323 秒
当前的最优路径为:[25, 7, 2, 31, 41, 17, 3, 1, 6, 18, 23, 14, 56, 62, 65, 21, 58, 37, 30, 68, 34, 69, 28, 12, 22, 35, 0, 15, 46, 36, 57, 49, 50, 55, 64, 63, 10, 66, 47, 53, 61, 32, 20, 33, 11, 59, 51, 9, 4, 52, 5, 40, 42, 16, 8, 39, 60, 38, 44, 24, 45, 26, 67, 43, 29, 19, 13, 27, 48, 54]
当前的最短路径长度为：677.83
代码运行时间： 109.72211623191833 秒
当前的最优路径为:[25, 7, 2, 31, 41, 17, 3, 1, 6, 18, 23, 14, 56, 62, 65, 21, 58, 37, 30, 68, 34, 69, 28, 12, 22, 35, 0, 15, 46, 36, 57, 49, 50, 55, 64, 63, 10, 66, 47, 53, 61, 32, 33, 20, 11, 59, 51, 9, 4, 52, 5, 40, 42, 16, 8, 39, 60, 38, 44, 24, 45, 26, 67, 43, 29, 19, 13, 27, 48, 54]
当前的最短路径长度为：677.11
代码运行时间： 110.401052236557 秒
最终的最优路径为:[25, 7, 2, 31, 41, 17, 3, 1, 6, 18, 23, 14, 56, 62, 65, 21, 58, 37, 30, 68, 34, 69, 28, 12, 22, 35, 0, 15, 46, 36, 57, 49, 50, 55, 64, 63, 10, 66, 47, 53, 61, 32, 33, 20, 11, 59, 51, 9, 4, 52, 5, 40, 42, 16, 8, 39, 60, 38, 44, 24, 45, 26, 67, 43, 29, 19, 13, 27, 48, 54]
最终的最短路径长度为：677.11
代码运行时间： 110.4020037651062 秒

进程已结束，退出代码为 0
