D:\Anaconda\envs\egg\python.exe D:\pythonProject\test.py 
初始解的最优路径为:[ 8 16 42 40  5 52  4  9 51 59 32 11 20 33 61 53 47 66 10 63 64 55 50 49
 57 36 46 15  0 35 22 37 68 30 12 28 69 34 58 21 65 62 56 14 23 18  6  1
  3 17 41 31  2  7 25 54 48 27 13 19 29 43 67 26 45 44 24 38 60 39]
初始解的最短路径长度为：679.94
当前的最优路径为:[ 8 16 42 40  5 52  4  9 51 59 32 11 20 33 61 53 47 66 10 63 64 55 50 49
 57 36 46 15  0 35 22 37 68 30 12 28 69 34 58 21 65 62 56 14 23 18  6  1
  3 17 41 31  2  7 25 54 48 27 13 19 29 43 67 26 45 44 24 38 60 39]
当前的最短路径长度为：679.94
当前的最优路径为:[8, 16, 42, 40, 5, 52, 4, 9, 51, 59, 32, 11, 20, 33, 61, 53, 47, 66, 10, 63, 64, 55, 50, 49, 57, 36, 46, 15, 0, 35, 22, 12, 28, 69, 34, 68, 30, 37, 58, 21, 65, 62, 56, 14, 23, 18, 6, 1, 3, 17, 41, 31, 2, 7, 25, 54, 48, 27, 13, 19, 29, 43, 67, 26, 45, 44, 24, 38, 60, 39]
当前的最短路径长度为：678.42
当前的最优路径为:[8, 16, 42, 40, 5, 52, 4, 9, 51, 59, 11, 20, 33, 32, 61, 53, 47, 66, 10, 63, 64, 55, 50, 49, 57, 36, 46, 15, 0, 35, 22, 12, 28, 69, 34, 68, 30, 37, 58, 21, 65, 62, 56, 14, 23, 18, 6, 1, 3, 17, 41, 31, 2, 7, 25, 54, 48, 27, 13, 19, 29, 43, 67, 26, 45, 44, 24, 38, 60, 39]
当前的最短路径长度为：677.11
当前的最优路径为:[8, 16, 42, 40, 5, 52, 4, 9, 51, 59, 11, 20, 33, 32, 61, 53, 47, 66, 10, 63, 64, 55, 50, 49, 57, 36, 46, 15, 0, 35, 22, 12, 28, 69, 34, 68, 30, 37, 58, 21, 65, 62, 56, 14, 23, 18, 6, 1, 3, 17, 41, 31, 2, 7, 25, 54, 48, 27, 13, 19, 29, 43, 67, 26, 45, 44, 24, 38, 60, 39]
当前的最短路径长度为：677.11
当前的最优路径为:[8, 16, 42, 40, 5, 52, 4, 9, 51, 59, 11, 20, 33, 32, 61, 53, 47, 66, 10, 63, 64, 55, 50, 49, 57, 36, 46, 15, 0, 35, 22, 12, 28, 69, 34, 68, 30, 37, 58, 21, 65, 62, 56, 14, 23, 18, 6, 1, 3, 17, 41, 31, 2, 7, 25, 54, 48, 27, 13, 19, 29, 43, 67, 26, 45, 44, 24, 38, 60, 39]
当前的最短路径长度为：677.11
代码运行时间： 146.2722613811493 秒

进程已结束，退出代码为 0
